0: 49 93 44 38 86 76 31 37 2 51 88 39 0 25 66 58 90 53 3 4 64 87 80 52 56 61 32 26 28 8 55 89 41 78 35 24 48 45 68 71 59 63 18 30 29 10 1 22
1: 50 54 42 5 7 15 36 65 21 74 75 6 20 9 72 40 43 16 13 57 12 17 81 77 69 92 11 73 23 46 34 70 95 60 62 84 79 19 47 14 82 83 94 85 91 67 27 33
2: 62 42 49 10 70 48 14 73 13 90 47 28 79 74 86 41 21 52 3 65 87 68 22 18 39 54 72 94 61 46 89 57 20 60 38 6 59 5 53 9 29 91 76 15 63 32 95 80
3: 78 81 56 26 35 51 25 23 77 0 24 43 88 1 19 85 4 31 58 37 67 92 82 83 16 2 12 75 64 30 8 45 33 55 7 93 17 71 84 50 66 11 69 44 27 36 34 40
4: 57 40 54 45 87 55 72 51 37 38 90 60 67 5 85 84 62 56 13 50 66 79 7 83 12 68 27 17 80 33 86 58 18 46 19 25 49 32 35 71 31 92 52 89 74 53 16 10
5: 77 34 76 47 30 88 43 26 39 41 65 95 28 91 73 59 6 14 8 20 11 70 1 21 82 2 63 23 29 48 81 24 44 4 78 93 36 9 75 0 64 15 22 3 61 69 42 94
6: 48 12 36 1 93 10 25 59 79 50 30 60 37 75 72 43 0 67 90 13 2 70 64 68 74 92 4 52 88 66 46 78 18 82 77 56 45 16 11 14 42 81 54 95 84 38 3 21
7: 19 85 73 53 49 89 23 83 8 63 65 34 94 44 20 57 9 26 76 47 7 28 41 24 17 58 61 32 86 15 6 39 29 51 55 40 69 91 31 35 22 80 33 71 5 87 62 27
8: 88 61 2 20 84 78 34 3 79 41 47 44 46 59 56 73 82 25 87 17 45 74 31 42 21 81 65 76 86 95 32 66 94 30 27 69 35 54 5 49 40 51 8 28 55 58 43 18
9: 68 80 63 75 38 9 36 89 0 60 72 4 1 37 83 22 70 62 52 92 77 16 13 15 10 85 29 90 19 57 33 12 64 39 91 50 53 24 7 14 23 6 48 93 26 67 71 11
10: 24 90 92 91 53 56 1 69 95 43 54 74 79 27 2 66 82 33 14 5 37 13 93 9 52 49 41 21 57 71 94 44 36 75 50 63 72 22 20 0 84 35 81 10 42 39 7 70
11: 61 17 6 38 77 40 76 31 30 51 85 34 25 4 55 83 58 46 68 87 65 11 80 47 12 45 67 62 29 23 26 3 15 88 86 48 64 18 32 78 89 59 28 8 16 73 19 60
12: 60 93 72 77 83 66 35 76 89 7 92 10 84 71 65 43 22 56 81 68 40 69 41 17 48 52 79 53 23 42 33 46 64 61 74 20 21 63 88 87 30 19 58 59 9 25 54 37
13: 32 94 51 75 50 36 8 6 5 15 78 55 62 45 91 31 11 49 80 4 14 26 34 39 82 27 67 57 13 16 3 85 24 18 73 1 12 0 90 28 38 44 70 86 2 47 95 29
14: 76 17 24 48 6 44 36 13 49 64 9 46 78 3 26 28 56 82 77 40 72 80 31 0 43 8 47 50 4 95 21 42 81 88 45 73 71 39 90 30 53 57 41 16 5 33 23 74
15: 35 61 12 15 94 68 62 58 83 66 29 19 85 93 27 75 2 86 37 14 70 84 25 92 34 89 55 63 51 87 79 1 52 7 59 54 32 38 10 60 69 67 65 11 91 20 18 22
