0: 0 1 72 37 78 77 90 76 59 93 42 61 38 86 48 40 54 64 
1: 2 3 34 80 36 67 56 41 62 47 69 39 53 35 52 71 81 95 
2: 4 5 68 87 85 60 50 94 51 63 66 49 55 33 57 83 45 75 
3: 6 7 88 46 70 92 43 79 84 65 58 82 32 89 44 73 74 91 
4: 8 9 72 37 78 77 90 76 59 93 42 61 38 86 48 40 54 64 
5: 10 11 34 80 36 67 56 41 62 47 69 39 53 35 52 71 81 95 
6: 12 13 68 87 85 60 50 94 51 63 66 49 55 33 57 83 45 75 
7: 14 15 88 46 70 92 43 79 84 65 58 82 32 89 44 73 74 91 
8: 16 17 72 37 78 77 90 76 59 93 42 61 38 86 48 40 54 64 
9: 18 19 34 80 36 67 56 41 62 47 69 39 53 35 52 71 81 95 
10: 20 21 68 87 85 60 50 94 51 63 66 49 55 33 57 83 45 75 
11: 22 23 88 46 70 92 43 79 84 65 58 82 32 89 44 73 74 91 
12: 24 25 72 37 78 77 90 76 59 93 42 61 38 86 48 40 54 64 
13: 26 27 34 80 36 67 56 41 62 47 69 39 53 35 52 71 81 95 
14: 28 29 68 87 85 60 50 94 51 63 66 49 55 33 57 83 45 75 
15: 30 31 88 46 70 92 43 79 84 65 58 82 32 89 44 73 74 91 
