0: 0 1 26 55 44 15 47 9 22 33 79 11 42 17 78 95 12 30 75 82 19 29 63 52 16 34 8 93 7 32 3 20 13 53 40 14 21 43 23 65 81 25 59 35 91 10 88 67 
1: 2 3 94 41 39 1 90 66 51 92 5 58 49 46 85 72 69 48 89 18 38 36 31 70 64 74 87 28 45 77 61 24 73 50 83 37 76 54 57 71 27 62 68 60 80 84 86 56 
2: 4 5 41 43 13 37 79 26 12 90 56 28 27 11 38 50 60 94 57 40 88 61 75 71 84 66 62 21 16 69 23 74 45 95 29 77 55 51 33 20 78 1 2 49 52 0 32 31 
3: 6 7 63 68 14 67 85 92 91 47 39 3 80 44 86 93 59 7 89 82 87 83 19 34 46 70 30 72 35 36 9 15 22 53 18 48 5 54 64 73 42 76 81 58 65 24 17 25 
4: 8 9 52 50 86 62 46 72 74 43 47 37 4 45 5 93 82 17 54 70 11 69 2 59 16 23 9 49 36 84 33 38 15 44 39 75 71 60 78 85 27 21 51 19 63 73 58 66 
5: 10 11 80 28 76 0 32 95 30 88 20 94 25 77 7 41 1 26 31 56 22 65 81 92 61 13 34 42 29 90 68 40 91 3 35 24 48 87 53 64 6 57 79 18 67 83 55 89 
6: 12 13 20 57 86 93 55 50 81 89 36 2 83 23 34 60 45 38 52 90 80 74 75 68 71 8 39 21 41 5 37 66 94 42 61 58 31 44 27 0 43 33 32 95 79 29 24 15 
7: 14 15 53 92 87 82 88 3 63 40 78 62 51 54 47 22 67 25 76 17 56 73 72 35 9 49 85 84 69 59 26 10 11 30 4 48 6 64 46 7 70 65 1 13 91 19 77 28 
8: 16 17 8 26 80 37 83 21 60 57 39 45 40 2 0 88 31 19 38 28 46 25 43 72 55 61 48 84 36 35 71 53 49 33 85 30 52 78 58 5 81 13 9 94 89 73 91 56 
9: 18 19 62 79 82 42 64 12 27 23 59 24 6 63 76 92 34 41 3 87 77 65 95 86 90 17 32 15 11 70 1 74 69 47 54 75 29 44 14 93 7 67 50 4 68 51 66 10 
10: 20 21 50 69 57 56 6 59 16 74 85 55 15 29 91 92 27 0 39 46 80 95 89 11 72 71 25 48 68 65 10 37 93 2 14 47 23 52 44 64 12 31 62 30 19 75 21 79 
11: 22 23 33 51 38 35 58 1 61 94 4 90 45 76 77 41 32 66 73 81 8 49 18 84 54 43 36 28 83 67 82 78 60 53 9 88 5 63 70 40 42 7 17 34 3 86 13 87 
12: 24 25 47 27 14 21 1 59 86 44 17 3 23 43 29 6 15 68 64 54 2 78 84 88 81 83 63 31 36 76 22 7 42 90 20 60 40 62 58 49 66 72 35 89 57 19 56 92 
13: 26 27 16 12 9 74 69 93 33 48 50 67 82 79 38 5 85 77 75 45 8 94 39 0 73 37 46 61 70 65 80 91 11 51 71 55 13 41 10 34 18 87 95 4 25 32 53 52 
14: 28 29 95 92 61 16 40 36 80 91 86 74 83 58 90 64 1 22 43 57 51 24 29 68 39 10 9 63 11 4 17 7 44 18 59 41 66 33 5 94 54 27 0 25 45 31 62 2 
15: 30 31 85 47 81 56 55 37 84 88 79 60 73 82 89 46 3 70 12 72 35 75 78 14 38 87 93 65 26 67 42 8 76 15 6 52 71 19 69 53 21 49 77 13 20 48 23 50 
