0
1
2
3
4
5
6
7
8
9
10
11
12
13
14
15
16
17
Links
0 8 0 0.1
8 0 1 0.1
1 8 2 0.1
8 1 3 0.1
2 9 4 0.1
9 2 5 0.1
3 9 6 0.1
9 3 7 0.1
4 10 8 0.1
10 4 9 0.1
5 10 10 0.1
10 5 11 0.1
6 11 12 0.1
11 6 13 0.1
7 11 14 0.1
11 7 15 0.1
8 12 16 0.1
12 8 17 0.1
9 12 18 0.1
12 9 19 0.1
8 13 20 0.1
13 8 21 0.1
9 13 22 0.1
13 9 23 0.1
10 14 24 0.1
14 10 25 0.1
11 14 26 0.1
14 11 27 0.1
10 15 28 0.1
15 10 29 0.1
11 15 30 0.1
15 11 31 0.1
12 16 32 0.1
16 12 33 0.1
14 16 34 0.1
16 14 35 0.1
13 17 36 0.1
17 13 37 0.1
15 17 38 0.1
17 15 39 0.1
